0.000 1.077 2.771 4.756 6.676 7.299 9.303 11.447 14.263 15.143 16.657 17.465 18.146 18.092 16.780 16.737 14.922 15.129 16.045 14.417 12.840 14.403 14.640 12.335 11.667 9.459 8.437 7.567 8.596 10.664 11.168 13.566 14.462 16.557 17.409 17.250 16.642 17.714 18.780 19.669 19.812 19.960 19.471 20.094 19.610 20.359 19.679 18.696 19.280 19.218 18.520 18.049 18.510 18.301 16.699 17.555 17.743 17.058 15.255 15.007 15.136 13.712 11.635 12.826 12.136 13.522 13.839 14.788 14.764 14.236 14.808 15.613 16.858 18.044 18.586 19.109 18.940 20.041 19.569 18.268 18.374 19.380 18.561 16.684 18.054 18.727 17.452 16.963 18.586 18.591 17.169 17.801 19.212 18.669 17.727 19.004 19.704 18.740 18.671 19.538
0.875 0.000 1.247 2.304 3.175 4.708 5.594 7.625 9.354 10.514 11.394 12.841 13.377 13.834 12.433 12.902 11.433 11.201 12.355 11.763 10.333 11.702 12.015 10.375 10.017 7.910 6.650 5.154 5.331 6.841 6.668 8.474 9.306 10.371 11.221 11.601 11.083 12.293 13.446 14.299 14.244 14.027 13.149 13.441 13.324 14.187 13.593 12.252 12.703 13.652 13.252 11.660 12.878 13.099 11.661 11.951 13.035 12.529 11.083 10.918 10.503 9.502 7.906 7.778 6.651 7.513 7.880 8.909 9.194 8.947 8.684 9.521 10.930 12.108 12.756 12.603 12.041 13.047 12.892 11.096 10.808 11.656 11.020 8.914 10.005 11.233 10.003 9.218 10.631 11.151 10.022 10.847 12.354 12.052 11.318 12.455 13.741 12.928 13.465 14.643
2.107 0.797 0.000 0.618 1.330 1.978 2.748 3.431 4.249 4.872 5.597 6.317 7.139 7.094 5.989 6.430 5.499 5.358 5.972 5.874 5.108 5.855 6.428 6.025 5.774 4.705 3.850 2.468 2.112 2.832 2.975 3.716 4.469 5.186 5.558 5.938 6.100 6.651 7.090 8.025 7.621 7.589 6.876 7.366 7.054 7.225 6.872 6.235 6.233 6.419 5.930 5.458 5.875 5.886 5.263 5.101 5.910 5.553 4.842 4.808 4.827 4.213 3.282 3.259 3.362 3.888 4.306 4.840 4.813 4.858 5.184 5.821 6.483 7.389 7.380 7.977 7.841 8.264 7.482 6.995 7.265 7.339 6.639 5.912 6.690 6.414 5.762 5.743 6.317 5.996 5.433 5.965 6.113 5.728 5.484 6.105 6.310 5.739 6.090 6.907
2.498 1.506 0.556 0.000 0.576 1.057 1.520 2.052 2.523 2.734 3.328 4.088 4.559 4.454 3.864 4.250 3.544 3.300 3.938 4.000 3.632 4.363 5.131 4.748 4.731 3.847 3.145 1.780 1.205 1.314 1.625 2.045 2.544 2.906 3.505 3.800 3.990 4.533 4.797 5.421 5.223 5.164 4.525 4.867 4.678 4.668 4.264 3.800 3.905 3.833 3.492 3.196 3.546 3.511 2.982 3.103 3.543 3.410 3.009 3.148 3.487 3.209 2.449 2.030 2.042 2.371 2.614 2.856 2.959 3.315 3.759 4.475 5.102 5.659 5.668 5.940 5.749 6.086 5.337 4.982 5.126 5.175 4.487 3.978 4.664 4.399 3.864 3.918 4.539 4.102 3.697 4.059 4.453 3.905 3.865 4.513 4.629 4.188 4.576 5.437
3.147 2.177 1.095 0.536 0.000 0.514 0.876 1.209 1.628 2.055 2.642 3.098 3.652 3.747 3.387 3.550 2.954 2.940 3.468 3.620 3.327 3.986 4.664 4.457 4.317 3.514 2.874 1.744 1.091 1.153 1.247 1.561 1.983 2.540 2.904 2.895 3.256 3.488 3.640 4.311 4.152 4.315 3.894 4.211 4.159 4.236 3.846 3.458 3.641 3.633 3.306 3.090 3.376 3.287 2.857 3.009 3.373 3.309 2.917 2.866 3.393 3.012 2.286 1.990 1.795 2.108 2.198 2.416 2.218 2.490 3.000 3.757 4.187 4.748 4.805 4.935 5.085 5.180 4.572 4.177 4.457 4.570 3.989 3.821 4.179 3.929 3.593 3.801 4.198 3.846 3.554 3.933 4.226 3.733 3.951 4.361 4.455 4.074 4.349 5.267
3.214 2.256 1.305 0.911 0.537 0.000 0.527 0.901 1.331 1.725 2.099 2.731 3.433 3.549 3.076 3.301 2.860 2.796 3.329 3.601 3.184 3.866 4.588 4.504 4.196 3.582 2.765 1.638 1.119 0.980 0.920 1.282 1.473 1.942 2.258 2.326 2.753 3.038 3.098 3.643 3.429 3.663 3.248 3.855 3.794 3.920 3.383 3.104 3.367 3.328 2.864 2.658 3.125 3.102 2.703 2.731 3.260 3.094 2.847 2.838 3.211 3.059 2.255 1.827 1.632 1.800 1.832 2.002 1.924 2.278 2.894 3.442 3.948 4.520 4.384 4.528 4.506 4.756 4.100 3.672 4.017 4.199 3.442 3.329 3.857 3.619 3.117 3.443 3.859 3.450 3.248 3.685 4.031 3.622 3.680 4.279 4.410 3.993 4.438 5.305
3.309 2.463 1.660 1.438 0.981 0.549 0.000 0.558 0.888 1.373 1.782 2.293 3.026 3.229 2.839 3.121 2.620 2.698 3.332 3.360 3.125 3.929 4.688 4.436 4.505 3.680 2.951 1.980 1.601 1.169 1.049 1.105 1.213 1.868 2.123 2.157 2.670 2.869 2.997 3.475 3.340 3.378 3.137 3.445 3.546 3.624 3.252 2.796 3.204 3.225 2.672 2.553 3.084 2.901 2.512 2.713 3.183 3.005 2.784 2.911 3.281 3.081 2.391 1.875 1.741 1.703 1.644 1.860 1.680 2.120 2.797 3.461 3.981 4.429 4.323 4.471 4.250 4.513 3.869 3.519 3.825 3.883 3.256 3.117 3.638 3.405 2.936 3.211 3.778 3.294 3.170 3.672 3.922 3.411 3.613 4.201 4.259 3.988 4.388 5.127
3.666 2.890 1.990 1.683 1.186 0.924 0.541 0.000 0.545 1.025 1.391 2.043 2.774 3.110 2.752 3.064 2.651 2.911 3.399 3.515 3.388 4.185 4.822 4.711 4.749 3.850 3.341 2.209 1.688 1.486 1.070 1.020 1.115 1.729 1.914 2.006 2.578 2.813 2.769 3.306 3.214 3.274 3.323 3.633 3.829 3.863 3.307 2.995 3.356 3.398 2.838 2.814 3.247 3.105 2.795 2.880 3.528 3.260 3.128 3.270 3.749 3.426 2.625 2.117 1.799 1.782 1.682 1.839 1.546 2.152 2.891 3.473 4.054 4.428 4.320 4.350 4.365 4.615 3.872 3.591 3.804 3.932 3.391 3.209 3.647 3.699 2.854 3.409 3.816 3.714 3.360 3.864 4.176 3.771 3.978 4.637 4.619 4.175 4.836 5.648
4.092 3.550 2.451 2.408 1.793 1.366 0.950 0.541 0.000 0.582 1.047 1.850 2.666 2.855 2.457 2.912 2.561 2.577 3.254 3.448 3.304 4.175 4.930 4.770 5.051 4.306 3.745 2.754 2.211 1.772 1.434 1.099 1.070 1.524 1.709 2.041 2.513 2.954 3.003 3.388 3.192 3.255 3.070 3.501 3.529 3.489 3.020 2.781 3.047 2.963 2.469 2.599 3.015 2.878 2.477 2.828 3.293 3.149 3.042 3.379 3.831 3.732 3.030 2.395 2.222 1.938 1.757 1.730 1.544 2.191 2.784 3.289 3.875 4.288 4.152 4.263 4.147 4.390 3.741 3.359 3.717 3.796 3.267 3.136 3.646 3.559 3.072 3.282 3.784 3.498 3.341 3.944 4.116 3.757 4.063 4.530 4.627 4.406 4.929 5.772
5.093 4.928 3.715 3.877 3.149 2.385 1.717 1.110 0.582 0.000 0.672 1.518 2.613 2.883 2.511 3.123 2.751 2.829 3.664 3.823 3.975 4.646 5.319 5.289 5.677 5.077 5.042 3.974 3.401 2.739 2.267 1.749 1.296 1.780 1.845 2.162 2.844 3.154 3.421 4.092 3.741 3.793 3.389 3.928 3.906 3.883 3.229 2.917 3.405 3.239 2.667 2.876 3.310 2.848 2.590 3.261 3.376 3.283 3.506 3.871 4.287 4.516 3.998 3.225 2.808 2.648 2.294 1.957 1.717 2.307 3.126 3.722 4.450 4.861 4.668 4.800 4.837 5.154 4.550 3.971 4.384 4.483 3.815 3.690 4.346 4.088 3.494 4.139 4.682 4.066 4.037 4.821 4.981 4.441 4.809 5.464 5.372 5.197 5.872 6.428
6.022 5.613 4.773 5.075 3.998 3.149 2.633 1.784 1.376 0.561 0.000 0.726 2.081 3.089 2.789 3.497 3.141 3.381 4.143 4.436 4.185 5.216 6.016 5.794 6.211 5.601 5.532 4.594 4.152 3.287 3.074 1.951 1.716 2.190 2.259 2.487 3.428 3.828 3.908 4.548 4.258 4.461 3.932 5.041 5.441 5.342 4.227 3.956 4.803 4.513 3.320 3.965 4.580 3.872 3.467 4.325 4.754 4.382 4.316 5.074 5.559 5.802 4.834 4.093 4.065 3.384 3.162 2.763 2.125 3.220 4.264 4.829 5.352 5.631 5.705 6.300 6.540 6.689 5.589 5.338 6.248 6.068 4.938 5.220 6.123 5.621 4.874 5.983 6.572 5.678 5.771 6.862 7.026 6.302 7.081 7.810 7.534 7.302 8.258 8.972
9.581 8.993 8.040 7.400 6.348 5.500 4.249 3.586 2.590 1.501 0.764 0.000 1.553 2.557 3.253 4.534 4.422 4.747 5.955 6.889 6.634 7.806 8.997 9.201 9.626 9.004 8.677 7.604 6.526 5.275 4.157 3.018 2.302 2.592 2.810 3.413 4.350 5.141 5.236 6.895 6.301 6.188 5.811 6.809 6.547 6.752 5.574 4.899 5.810 5.777 4.337 4.771 5.948 5.255 4.572 5.726 6.446 6.060 6.140 7.247 7.391 7.715 6.973 5.617 5.046 3.905 3.734 3.520 3.142 4.502 5.604 6.355 7.350 7.655 7.551 8.561 8.136 8.527 7.516 6.706 7.146 7.283 6.085 5.802 6.731 6.472 5.354 6.092 6.970 6.501 6.392 7.276 7.799 7.298 7.522 8.885 8.773 8.518 9.359 10.509
14.560 14.228 13.867 13.632 12.152 11.531 10.458 7.459 5.656 4.261 2.592 1.284 0.000 1.262 3.382 4.536 5.889 6.566 7.343 8.837 9.636 9.592 10.802 12.161 12.351 12.702 13.517 12.779 12.262 11.062 10.384 7.484 6.288 5.524 4.829 4.203 5.438 5.670 5.446 6.652 7.503 7.820 8.200 10.702 10.930 11.450 9.021 8.638 9.964 9.080 6.579 8.523 9.122 7.099 6.969 9.303 8.697 7.614 9.113 11.267 12.318 13.038 11.906 11.914 11.213 9.369 8.584 7.156 5.875 7.830 9.350 8.788 9.018 8.473 7.778 8.548 8.973 9.479 8.470 8.305 9.855 10.046 9.074 9.955 11.353 10.828 10.750 12.114 12.329 11.310 12.190 13.434 13.092 12.263 13.807 14.385 14.023 13.938 14.703 15.382
11.537 11.099 10.470 9.462 8.653 8.229 7.465 6.083 5.076 3.343 3.770 2.437 0.845 0.000 1.329 2.797 2.989 2.612 3.340 4.611 4.594 5.214 6.451 6.860 7.496 7.941 7.991 8.151 7.402 6.122 6.149 4.923 5.044 5.017 5.911 6.183 8.732 8.721 8.045 9.283 9.065 9.429 8.629 9.419 9.549 9.327 7.964 7.248 8.027 7.369 5.543 5.887 6.761 4.881 4.396 5.306 5.599 4.589 4.661 5.760 7.069 7.309 7.376 6.606 7.391 6.816 7.722 7.684 6.488 8.665 10.322 10.845 11.635 11.670 11.359 12.152 12.294 12.496 10.988 11.070 11.441 11.255 9.827 10.552 10.827 10.316 9.203 10.537 10.974 9.939 9.433 10.731 11.057 9.754 10.271 11.245 10.844 10.200 10.686 11.698
8.513 8.164 7.484 7.227 6.497 5.838 5.488 4.524 4.196 2.901 3.518 3.134 2.189 1.234 0.000 0.894 1.478 1.809 1.870 2.317 3.142 3.955 4.634 5.007 5.614 5.902 6.450 6.192 5.732 5.049 5.303 3.748 4.520 4.328 4.791 5.156 7.034 7.313 6.934 7.385 6.874 6.902 6.396 6.847 7.040 6.830 5.528 5.610 5.964 5.150 4.200 4.434 4.791 3.551 2.900 4.449 4.363 3.325 4.043 5.133 6.028 6.540 6.057 5.350 5.965 5.417 6.036 6.254 5.457 6.870 7.768 8.395 8.872 9.442 9.141 9.380 9.520 9.706 8.476 8.307 9.152 8.862 7.666 7.908 8.453 7.867 7.193 7.936 8.220 7.404 7.236 8.205 8.068 7.398 7.800 8.620 8.218 7.829 8.375 9.780
7.137 6.731 5.853 5.844 4.987 4.504 4.028 3.439 3.448 2.650 3.161 3.197 2.720 1.710 0.593 0.000 0.633 0.970 1.500 1.740 2.046 3.101 4.129 4.492 4.976 5.081 5.399 4.952 4.562 3.899 3.927 3.167 3.528 3.565 4.006 4.570 5.566 5.946 5.742 6.389 5.767 5.921 5.180 5.464 5.701 5.155 4.582 4.364 4.571 4.015 3.666 3.739 4.046 3.207 2.933 3.567 3.621 3.057 3.377 4.146 5.034 5.349 5.161 4.309 4.531 4.167 4.539 4.782 4.470 5.311 6.216 6.845 7.367 7.796 7.518 8.203 7.883 7.984 7.078 6.908 7.171 6.869 6.051 6.099 6.600 5.835 5.304 5.977 6.264 5.456 5.328 6.237 6.322 5.426 5.890 6.717 6.542 6.324 6.841 7.490
6.343 6.220 5.032 4.858 4.289 3.910 3.727 2.969 3.061 2.557 3.149 3.145 2.774 1.975 0.943 0.542 0.000 0.551 0.962 1.588 1.597 2.346 3.647 4.217 4.604 4.666 4.706 4.271 3.785 3.119 3.645 2.773 3.348 3.532 4.119 4.515 5.012 5.524 5.445 6.185 5.741 6.102 5.615 5.910 5.809 5.359 5.082 4.805 4.664 4.205 3.723 3.781 3.889 3.179 2.729 3.269 3.314 2.601 2.833 3.647 4.270 4.637 4.359 3.672 4.114 3.783 4.273 4.434 4.198 4.730 5.562 6.121 6.711 7.101 6.808 7.662 7.455 7.720 6.919 6.618 7.120 6.856 6.080 6.010 6.520 6.063 5.456 6.021 6.062 5.567 5.323 5.965 5.976 5.350 5.504 6.279 6.146 5.712 6.305 7.068
6.533 6.251 5.233 5.008 4.299 3.905 3.543 3.117 3.119 2.519 3.111 3.170 2.874 2.152 1.298 0.910 0.547 0.000 0.622 1.111 1.427 2.062 3.144 3.759 4.227 4.279 4.509 4.212 3.930 3.159 3.696 2.715 3.352 3.492 4.011 4.235 5.006 5.419 5.405 6.159 5.729 5.950 5.617 5.932 5.781 5.755 4.999 4.719 4.705 4.528 3.749 3.733 3.795 3.371 2.507 3.183 3.496 2.475 2.528 3.495 4.142 4.468 4.207 3.406 4.102 3.737 4.191 4.456 3.856 4.498 5.367 6.040 6.489 6.960 6.937 7.228 7.507 7.594 6.852 6.415 7.109 6.937 5.991 6.033 6.620 5.934 5.590 6.003 6.231 5.671 5.365 6.094 6.026 5.404 5.799 6.344 6.257 5.637 6.459 7.428
6.851 6.403 5.336 4.986 4.187 3.819 3.406 3.036 3.016 2.614 3.101 3.337 3.172 2.596 1.664 1.555 0.988 0.524 0.000 0.596 1.013 1.862 3.013 3.389 4.073 4.271 4.694 4.225 3.740 3.328 3.218 2.776 3.144 3.315 3.838 4.258 4.959 5.407 5.384 6.305 5.893 6.148 5.463 6.150 6.163 5.801 5.176 4.693 4.904 4.705 3.805 3.786 4.058 3.630 2.858 3.460 3.796 2.632 2.905 3.549 4.350 4.773 4.399 3.650 3.955 3.641 4.082 4.084 3.798 4.480 5.469 5.853 6.655 6.933 6.815 7.185 7.122 7.424 6.646 6.012 6.511 6.655 5.767 5.566 6.369 6.004 5.255 5.850 6.325 5.667 5.343 6.272 6.447 5.480 5.897 6.752 6.501 6.149 6.817 7.621
7.014 6.636 5.867 5.724 4.867 4.618 4.256 3.737 3.884 3.396 3.996 4.205 3.733 2.891 2.019 1.737 1.377 0.808 0.551 0.000 0.666 1.284 2.608 3.067 3.798 4.229 4.708 4.606 4.347 3.592 4.269 3.637 4.198 4.444 5.174 5.417 6.053 6.312 6.340 7.418 6.798 7.363 6.364 6.939 6.839 6.553 5.779 5.455 5.519 5.039 4.437 4.665 4.845 4.051 3.449 4.003 3.989 3.126 3.123 4.200 4.967 5.540 5.063 4.303 5.081 4.741 5.362 5.419 5.082 5.562 6.642 7.377 7.597 8.154 8.059 8.718 8.834 9.010 8.051 7.834 8.424 8.005 7.193 7.147 7.756 7.126 6.353 7.112 7.302 6.672 6.448 7.273 7.230 6.345 6.888 7.760 7.358 6.931 7.753 8.716
7.130 6.720 5.940 5.908 5.175 4.838 5.074 4.635 4.791 4.253 4.999 5.049 4.447 3.684 2.996 2.220 1.824 1.502 1.142 0.602 0.000 0.951 2.187 2.922 3.690 4.168 4.414 4.477 4.545 3.951 4.963 4.466 5.523 5.722 6.494 6.853 7.441 7.841 7.756 8.965 8.711 8.943 8.032 8.831 8.753 8.615 7.545 7.440 7.397 6.799 6.280 6.159 6.240 5.424 4.678 5.322 5.449 4.051 3.634 4.620 5.484 5.888 5.049 4.921 5.574 5.789 6.495 6.731 6.225 6.824 7.931 8.432 9.215 9.880 10.135 10.321 10.338 10.516 9.822 9.525 10.145 9.760 8.866 8.688 9.268 8.959 8.067 8.590 8.871 8.334 8.032 8.506 8.605 8.008 7.980 8.795 8.506 7.999 8.351 9.670
9.156 9.126 8.657 8.563 7.470 6.508 6.942 5.616 5.668 5.836 7.461 7.351 6.672 6.676 5.107 4.377 2.957 2.790 2.836 1.725 0.632 0.000 1.098 2.214 3.728 4.630 5.704 5.981 6.661 5.770 7.040 6.726 7.523 8.803 9.872 9.238 10.516 10.119 11.123 12.262 12.569 13.029 12.298 13.209 13.125 12.908 12.146 11.175 11.382 11.019 9.473 9.727 9.445 8.294 7.287 7.668 7.592 5.712 5.184 6.496 8.249 8.809 7.871 7.649 8.834 8.996 9.324 9.865 8.518 8.748 10.222 11.488 11.768 12.525 13.012 13.838 14.058 14.846 13.736 13.212 14.423 14.415 13.029 12.991 13.881 13.578 12.295 13.055 13.439 12.718 12.093 12.615 12.803 12.108 12.260 12.530 12.433 12.043 12.793 13.380
10.650 10.330 9.777 9.390 8.377 7.307 8.358 7.261 7.814 7.161 8.824 9.371 8.495 7.504 5.984 5.776 4.664 3.182 3.643 3.614 2.013 0.706 0.000 1.261 3.048 4.424 6.083 6.182 6.680 5.858 7.000 6.895 8.276 8.899 10.296 11.001 11.959 12.614 12.307 13.369 13.062 13.035 12.000 12.795 12.306 12.447 11.415 10.554 10.682 10.157 8.877 8.672 8.556 7.692 6.565 7.003 7.050 5.483 5.066 6.701 8.275 8.950 7.520 7.260 9.072 8.785 9.847 10.825 9.911 11.101 12.073 12.969 13.468 14.150 14.140 14.857 14.876 15.202 14.077 13.871 13.887 13.942 12.915 12.751 13.121 12.875 11.688 12.555 12.861 11.992 11.535 12.517 12.675 11.590 11.768 12.952 12.426 11.806 12.409 13.503
10.384 9.876 9.518 9.459 9.668 8.273 10.610 9.615 11.041 10.178 11.819 11.939 11.221 9.950 7.996 7.353 6.851 5.644 4.313 4.226 3.453 2.528 0.907 0.000 1.645 3.028 4.925 5.937 7.620 7.423 9.980 10.082 11.680 12.252 13.372 13.735 14.504 14.824 14.728 15.591 15.314 15.837 14.996 15.404 15.318 14.796 14.214 13.839 13.766 12.895 11.905 11.867 11.581 10.605 9.552 10.270 9.563 7.385 6.962 8.294 10.331 10.697 9.187 9.967 11.584 11.967 12.653 13.647 12.579 13.545 14.132 14.990 14.858 15.827 16.131 16.513 16.795 16.950 16.255 16.324 16.594 16.291 15.818 16.031 16.355 15.684 14.752 15.649 15.780 14.950 14.131 15.421 15.291 14.010 14.296 15.423 14.642 13.849 14.516 15.138
9.497 8.481 7.836 7.429 8.070 7.923 10.568 10.661 12.632 12.775 14.300 14.672 14.206 13.201 11.276 9.887 8.626 7.846 6.958 5.388 4.697 4.995 3.076 1.153 0.000 1.384 3.569 4.716 6.847 7.142 9.479 11.213 13.382 14.220 15.738 16.413 17.041 17.870 18.337 19.966 19.373 19.388 18.382 18.879 18.379 18.301 17.584 16.888 16.659 16.426 15.355 14.105 14.529 13.915 12.363 11.895 12.297 9.856 8.523 9.432 10.948 10.361 8.483 9.519 11.013 12.645 13.554 14.931 14.454 14.951 15.904 17.346 17.997 19.070 19.652 20.517 20.381 20.840 19.941 19.503 19.668 19.772 18.492 17.867 18.580 18.212 16.739 16.900 18.008 17.347 15.652 16.736 17.689 16.296 15.562 17.294 17.269 15.812 16.590 18.022
8.513 7.758 7.286 6.263 7.112 7.311 9.849 10.348 12.862 13.001 14.363 14.846 14.630 13.492 12.037 10.875 9.475 8.765 8.091 6.701 5.579 5.575 4.376 2.994 0.986 0.001 1.134 3.070 5.035 6.914 9.105 10.867 13.028 14.015 15.444 15.894 16.115 17.028 17.621 18.759 18.517 18.834 17.734 18.550 17.953 18.211 17.194 16.367 16.306 16.403 15.278 14.224 14.643 13.992 12.104 12.220 12.933 10.783 8.758 8.963 10.319 9.034 7.213 8.964 9.807 11.913 13.060 14.029 13.970 14.723 14.944 15.948 16.785 18.101 18.567 19.211 18.921 19.639 18.685 17.927 18.213 18.841 17.562 16.695 17.440 17.430 15.857 16.052 17.206 16.768 15.162 16.320 17.162 15.904 15.096 16.819 16.851 15.559 15.894 17.114
7.039 6.068 4.874 3.617 3.383 4.237 5.572 6.837 8.476 9.057 10.298 11.580 12.142 11.654 9.860 9.990 8.234 7.171 8.047 7.215 5.740 6.129 6.167 4.491 2.691 0.872 0.000 1.158 2.436 4.192 5.378 6.412 7.994 9.070 10.430 11.444 11.644 12.649 13.405 14.869 14.355 14.367 12.812 13.684 13.360 13.603 12.710 11.744 12.029 12.200 11.324 9.868 10.923 10.575 8.955 9.093 10.169 9.128 7.254 7.507 7.457 6.854 5.147 5.568 6.110 6.926 8.150 9.360 9.323 9.795 10.394 11.133 12.492 13.698 13.967 14.571 14.188 15.252 14.088 12.547 12.958 13.586 12.087 11.090 12.304 12.205 10.829 10.713 12.206 11.871 10.429 11.577 12.469 11.377 10.800 12.645 12.733 11.699 12.372 13.694
5.853 4.651 3.853 3.003 2.647 3.352 4.392 5.133 6.630 6.159 7.489 8.296 8.780 8.873 7.767 8.032 6.696 5.673 6.804 6.333 5.032 5.658 6.212 5.346 4.016 2.587 0.885 0.000 0.912 1.781 3.252 4.023 5.239 5.759 7.149 8.209 8.709 9.512 9.756 10.239 9.698 9.491 8.356 8.086 7.607 7.431 7.678 6.753 6.380 6.839 6.564 5.676 6.122 6.565 5.562 5.606 6.678 6.375 4.843 4.936 4.982 4.418 3.022 2.779 3.763 3.968 5.550 6.760 7.087 8.007 9.025 9.544 10.401 11.246 11.430 10.952 11.016 11.401 10.541 9.860 9.729 9.655 8.750 8.165 8.563 7.961 7.013 7.200 7.652 6.727 6.246 6.947 7.319 6.315 6.657 7.524 7.712 7.055 7.737 8.895
4.788 3.470 2.660 1.756 1.440 1.568 1.713 1.813 2.162 2.414 3.043 3.510 4.427 4.464 3.847 4.328 3.509 3.338 4.244 4.305 3.766 4.538 5.226 4.832 4.556 3.500 1.951 0.667 0.000 0.641 1.221 1.580 2.135 2.740 3.209 3.060 3.863 3.972 4.061 5.156 4.982 5.337 4.846 5.573 5.494 5.758 4.838 4.501 4.856 4.901 4.104 3.816 4.717 4.394 3.427 3.903 4.565 4.261 3.435 3.573 3.859 3.600 2.188 2.056 2.177 2.456 2.741 3.086 2.504 3.173 4.200 4.854 5.520 5.945 6.001 6.223 6.434 6.651 5.779 5.363 5.864 5.856 5.183 4.996 5.715 5.235 4.602 5.232 5.688 5.339 5.014 5.613 5.817 5.074 5.356 6.049 6.036 5.742 6.230 7.118
4.053 3.297 2.445 1.795 1.431 1.229 1.191 1.492 1.685 1.992 2.448 3.056 3.659 3.655 3.276 3.485 3.010 2.908 3.524 3.667 3.042 3.942 4.521 4.324 4.056 3.431 2.358 1.430 0.600 0.000 0.554 0.925 1.239 1.692 1.928 2.294 2.553 2.919 2.959 3.313 3.119 3.098 2.833 3.393 3.179 3.485 3.088 2.537 2.878 3.082 2.685 2.325 2.821 3.004 2.323 2.483 2.962 2.994 2.373 2.467 2.900 2.617 1.809 1.394 1.297 1.385 1.370 1.593 1.836 2.355 2.876 3.350 3.859 4.241 4.096 3.782 3.627 3.745 3.443 2.984 3.111 3.274 2.734 2.618 3.070 2.932 2.352 2.699 3.158 2.846 2.629 3.097 3.367 2.892 3.056 3.715 3.787 3.499 4.014 4.857
3.909 3.122 2.256 1.726 1.477 1.185 0.989 1.086 1.193 1.276 1.690 2.313 3.002 3.067 2.751 2.998 2.575 2.482 3.068 3.286 2.998 3.751 4.258 4.180 4.182 3.470 2.484 1.614 0.947 0.543 0.000 0.558 0.810 1.204 1.438 1.639 2.021 2.368 2.377 2.666 2.461 2.527 2.366 2.773 2.762 3.030 2.614 2.207 2.568 2.665 2.132 2.057 2.493 2.487 1.868 2.166 2.691 2.622 2.230 2.347 2.851 2.593 1.902 1.459 1.181 1.418 1.255 1.400 1.428 2.014 2.611 3.093 3.626 3.950 3.655 3.491 3.377 3.491 2.971 2.634 2.924 2.996 2.442 2.382 2.796 2.733 2.234 2.613 3.041 2.868 2.538 3.096 3.432 2.934 3.179 3.716 3.869 3.490 3.989 5.027
3.931 3.118 2.300 1.734 1.381 1.273 1.028 0.991 1.094 1.129 1.445 2.043 2.669 2.676 2.432 2.788 2.516 2.302 2.883 3.121 3.008 3.535 4.178 4.046 4.134 3.364 2.682 1.805 1.213 0.845 0.519 0.000 0.511 0.759 1.068 1.410 1.756 2.120 2.087 2.287 1.979 1.878 1.719 1.962 1.985 2.101 1.880 1.544 1.786 2.030 1.569 1.512 1.815 1.946 1.520 1.716 2.086 2.267 2.063 2.075 2.465 2.303 1.769 1.172 1.012 0.951 1.037 1.147 1.269 1.852 2.367 2.811 3.351 3.679 3.315 2.933 2.777 2.770 2.350 2.147 2.260 2.236 1.837 1.852 2.121 1.943 1.666 1.857 2.091 1.900 1.868 2.161 2.270 2.083 2.176 2.652 2.714 2.591 3.080 3.913
4.134 3.464 2.563 2.276 1.831 1.478 1.255 1.121 1.214 1.131 1.475 2.119 2.692 2.806 2.347 2.751 2.379 2.347 2.797 3.037 2.912 3.647 4.295 4.226 4.290 3.664 3.080 2.262 1.690 1.193 0.919 0.544 0.000 0.538 0.899 1.481 1.834 2.187 2.164 2.338 1.959 1.870 1.599 1.770 1.851 1.910 1.621 1.361 1.716 1.793 1.323 1.463 1.965 1.862 1.541 1.883 2.263 2.243 2.168 2.373 2.775 2.688 2.172 1.601 1.356 1.053 1.135 1.246 1.406 1.949 2.501 2.975 3.471 3.808 3.445 3.211 3.046 3.016 2.576 2.336 2.488 2.331 1.957 2.033 2.241 2.007 1.653 2.129 2.214 1.917 1.951 2.427 2.440 2.307 2.567 2.856 2.939 2.857 3.322 4.114
4.423 3.799 2.747 2.528 2.039 1.808 1.391 1.489 1.535 1.551 1.475 2.202 2.939 3.004 2.568 2.921 2.694 2.696 3.134 3.391 3.229 3.958 4.785 4.670 4.832 4.197 3.728 2.723 2.157 1.669 1.209 0.934 0.530 0.000 0.553 1.110 1.683 2.096 2.083 2.288 1.942 1.804 1.499 1.825 1.916 1.957 1.563 1.336 1.725 1.797 1.352 1.493 1.942 1.914 1.821 2.057 2.443 2.411 2.450 2.688 3.008 3.025 2.517 1.857 1.599 1.179 1.068 1.051 1.297 1.960 2.524 3.049 3.609 3.861 3.421 3.219 3.029 3.016 2.538 2.273 2.446 2.395 1.934 1.901 2.252 2.124 1.771 2.101 2.317 2.018 2.144 2.680 2.647 2.478 2.797 3.124 3.052 3.069 3.665 4.538
5.992 5.321 4.286 3.928 3.333 3.088 2.399 2.154 1.987 1.740 1.694 2.492 3.258 3.375 3.003 3.514 3.250 3.075 3.667 4.113 3.985 4.511 5.410 5.327 5.495 4.790 4.625 3.655 2.895 2.389 1.925 1.416 1.023 0.592 0.000 0.564 1.156 1.304 1.664 2.117 2.048 2.074 1.761 2.426 2.421 2.571 2.143 1.572 2.111 2.273 1.692 1.756 2.137 2.238 1.930 2.080 2.581 2.697 2.639 2.813 3.102 3.154 2.803 2.179 2.130 1.552 1.654 1.325 1.421 2.012 2.582 3.125 3.644 3.809 3.455 3.301 3.438 3.290 2.761 2.568 3.030 3.026 2.174 2.471 2.847 2.644 2.170 2.625 3.002 2.533 2.365 3.070 3.100 2.656 2.867 3.666 3.553 3.227 3.874 4.647
6.857 6.724 5.527 5.208 4.342 3.839 3.159 2.947 2.492 2.425 1.950 2.894 3.783 4.022 3.684 4.505 4.353 4.086 4.959 5.442 5.087 5.717 6.901 6.828 7.064 6.222 6.065 5.096 4.160 3.483 2.949 2.278 1.576 1.124 0.571 0.000 0.593 1.007 1.447 2.033 2.098 2.560 2.170 2.854 2.903 2.976 2.450 2.085 2.508 2.612 2.157 2.266 2.720 2.866 2.712 3.048 3.466 3.706 3.860 4.071 4.340 4.557 4.096 3.232 3.153 2.393 2.154 1.645 1.687 2.141 2.789 3.254 3.709 4.013 3.524 3.544 3.797 3.857 3.245 2.921 3.607 3.640 2.702 3.004 3.556 3.258 2.745 3.273 3.577 2.979 3.095 3.865 3.903 3.302 3.962 4.598 4.376 4.362 5.200 5.930
8.217 8.226 7.139 6.992 5.679 4.962 4.101 3.723 3.104 2.893 2.349 3.366 4.132 4.426 4.000 4.963 4.700 4.574 5.536 6.004 5.828 6.506 7.753 7.696 7.921 7.547 7.470 6.454 5.729 4.509 4.169 3.110 2.356 1.964 1.259 0.566 0.000 0.622 1.308 2.210 2.555 3.046 2.982 3.812 4.291 4.543 3.409 3.167 4.070 3.756 3.173 3.523 4.352 3.751 3.731 4.656 4.839 4.720 5.094 5.785 5.840 6.410 5.713 4.666 4.537 3.508 3.099 2.225 1.933 2.435 3.163 3.547 3.983 4.342 3.622 4.116 4.314 4.302 3.827 3.613 4.431 4.545 3.515 3.872 4.923 4.282 3.937 5.114 5.583 4.702 5.033 6.231 6.227 5.651 6.499 7.234 6.715 6.929 7.885 8.703
7.793 7.715 6.476 6.396 5.311 4.604 3.784 3.669 3.311 3.268 2.933 3.660 4.707 5.297 4.831 5.874 5.272 5.418 6.435 6.649 6.314 6.912 8.200 7.966 8.088 7.361 7.317 6.236 5.221 4.571 3.902 3.318 2.634 2.453 1.822 1.179 0.598 0.000 0.805 1.702 2.220 2.874 2.955 3.826 4.214 4.550 3.718 3.341 4.162 4.422 3.650 3.997 4.656 4.722 4.413 4.897 5.638 5.509 5.404 5.970 5.817 6.102 5.385 4.492 4.260 3.376 2.937 2.314 2.236 2.540 3.255 3.665 4.166 4.449 3.719 4.176 4.272 4.315 3.627 3.470 4.078 4.132 3.454 3.698 4.501 4.081 3.740 4.601 5.149 4.637 4.766 5.765 5.744 5.350 6.004 6.702 6.595 6.575 7.382 8.308
8.359 8.415 7.894 8.020 7.136 5.788 5.220 4.549 3.928 4.612 4.046 4.565 5.711 6.672 6.351 7.370 6.504 7.297 8.178 8.146 8.138 9.281 10.310 9.833 10.141 9.341 9.390 8.195 7.588 6.747 5.988 5.285 4.066 4.074 2.956 1.913 1.495 0.725 0.000 0.724 1.734 2.527 3.376 4.240 5.437 5.958 4.661 4.822 6.118 6.330 5.762 6.323 7.264 7.094 6.910 7.567 8.192 8.014 8.110 9.128 8.933 9.608 8.459 7.271 6.764 5.673 4.758 3.709 3.106 3.188 3.834 4.190 4.589 4.659 3.924 4.547 4.953 4.626 3.612 3.840 5.095 4.850 4.066 4.603 5.995 5.349 5.244 6.465 6.932 6.739 7.104 7.898 8.171 8.038 8.704 9.647 9.547 9.693 10.619 11.286
9.902 9.927 9.110 9.253 8.228 7.407 6.476 5.862 4.854 5.493 4.629 5.201 6.376 7.546 7.197 8.348 7.733 8.114 9.152 9.283 9.307 10.106 11.160 11.136 11.359 10.816 10.649 9.537 8.795 7.755 6.963 6.149 4.913 4.412 3.547 2.319 2.323 1.428 0.614 0.000 0.971 1.722 2.629 3.349 4.408 4.987 4.281 4.473 5.668 6.132 5.711 6.435 7.598 7.632 7.333 8.180 9.022 8.933 9.060 9.735 9.462 10.020 9.158 7.958 7.472 6.212 5.383 4.301 3.954 4.058 4.421 4.456 4.934 4.778 3.916 4.610 5.034 4.405 3.153 3.690 4.886 4.483 3.748 4.415 5.410 4.623 4.789 6.333 6.277 5.989 6.827 7.591 7.699 7.742 8.448 8.815 9.040 9.436 10.359 11.169
9.321 9.040 7.959 7.631 6.831 6.521 5.762 5.412 4.644 4.764 3.990 4.499 5.376 6.264 6.263 7.160 6.886 7.075 8.062 8.291 7.934 8.509 9.445 9.230 9.520 8.697 8.677 7.603 6.921 6.426 5.576 4.952 3.723 3.354 2.543 2.418 2.356 2.100 1.307 0.715 0.000 0.645 1.327 1.934 2.395 3.146 2.740 2.705 3.417 3.930 3.964 4.164 4.961 5.256 5.462 5.656 6.364 6.717 6.655 7.031 6.567 6.779 6.545 5.709 5.282 4.249 3.893 3.248 3.315 3.778 4.155 4.099 4.472 4.413 3.717 3.573 3.629 3.105 2.219 2.512 2.887 2.224 1.920 2.513 2.614 2.064 2.580 2.943 2.925 3.012 3.490 3.749 3.726 4.206 4.509 4.595 5.205 5.458 5.793 6.342
5.877 5.289 4.339 3.998 3.675 3.509 3.005 2.924 2.727 2.682 2.581 3.036 3.545 3.746 3.561 4.189 3.923 3.820 4.310 4.586 4.519 5.011 5.618 5.566 5.784 5.308 4.932 4.238 3.644 3.259 2.800 2.524 2.105 1.811 1.565 1.798 1.874 2.070 1.769 1.344 0.598 0.000 0.530 0.799 1.219 1.290 1.130 1.215 1.528 1.661 1.769 2.000 2.249 2.378 2.491 2.719 2.995 3.273 3.394 3.644 3.908 3.847 3.617 2.984 2.666 2.207 2.105 1.917 2.161 2.589 2.801 2.882 3.373 3.540 2.887 2.210 2.034 1.886 1.387 1.474 1.644 1.375 1.181 1.500 1.674 1.283 1.552 1.929 1.951 1.672 2.081 2.442 2.327 2.335 2.674 2.966 2.872 3.177 3.592 4.162
5.418 4.925 4.050 3.791 3.236 2.880 2.621 2.550 2.379 2.395 2.302 2.745 3.187 3.175 3.042 3.557 3.347 3.199 3.690 4.026 3.764 4.447 5.205 5.131 5.352 4.795 4.510 3.825 3.176 2.695 2.437 2.153 1.816 1.599 1.416 1.692 1.808 1.995 1.823 1.528 0.962 0.507 0.000 0.508 0.730 0.938 0.872 0.879 1.140 1.342 1.443 1.557 1.872 2.019 2.066 2.153 2.450 2.617 2.710 3.079 3.440 3.473 3.099 2.467 2.289 1.877 1.812 1.707 1.965 2.373 2.670 2.864 3.376 3.500 2.900 2.240 2.004 1.843 1.384 1.431 1.588 1.294 1.059 1.370 1.412 1.043 1.230 1.559 1.408 1.252 1.578 1.826 1.680 1.729 2.066 2.168 2.195 2.429 2.879 3.429
5.299 4.650 3.484 3.129 2.600 2.556 2.269 2.255 2.189 2.076 2.113 2.603 3.007 3.060 2.800 3.211 3.014 2.857 3.225 3.606 3.477 4.101 4.697 4.686 4.946 4.414 3.976 3.154 2.574 2.203 1.969 1.844 1.545 1.329 1.307 1.632 1.822 2.094 1.852 1.696 1.190 0.808 0.511 0.000 0.498 0.630 0.664 0.641 0.751 0.938 0.996 1.036 1.237 1.415 1.401 1.511 1.779 2.006 2.086 2.354 2.772 2.736 2.498 1.969 1.820 1.519 1.515 1.500 1.793 2.285 2.645 2.813 3.347 3.651 2.860 2.282 2.064 1.970 1.536 1.480 1.610 1.311 1.085 1.256 1.246 0.870 0.972 1.231 1.074 0.839 1.105 1.271 1.144 1.109 1.365 1.480 1.548 1.719 2.128 2.691
4.821 4.235 3.214 2.898 2.547 2.430 2.115 2.192 2.078 2.029 2.015 2.549 2.937 2.903 2.639 3.118 2.873 2.625 3.049 3.391 3.265 3.829 4.447 4.443 4.658 4.090 3.625 2.997 2.450 2.072 1.870 1.685 1.503 1.270 1.390 1.715 1.965 2.237 2.074 1.991 1.413 1.050 0.693 0.498 0.000 0.497 0.608 0.584 0.601 0.692 0.845 0.880 0.967 1.165 1.242 1.313 1.471 1.732 1.853 2.092 2.694 2.612 2.422 1.855 1.704 1.432 1.456 1.511 1.764 2.277 2.610 2.888 3.349 3.720 2.984 2.275 2.031 1.867 1.618 1.565 1.570 1.366 1.114 1.222 1.214 0.895 0.954 1.219 1.058 0.879 1.134 1.339 1.229 1.183 1.490 1.675 1.643 1.790 2.192 2.784
5.068 4.552 3.342 3.037 2.568 2.436 2.144 2.154 2.063 1.907 1.992 2.468 2.768 2.658 2.447 2.791 2.694 2.550 2.901 3.351 3.230 3.862 4.457 4.530 4.822 4.248 3.929 3.138 2.504 2.128 1.882 1.690 1.510 1.241 1.400 1.754 2.056 2.316 2.130 2.063 1.552 1.188 0.792 0.562 0.499 0.000 0.500 0.562 0.660 0.658 0.714 0.901 0.996 1.052 1.178 1.299 1.472 1.560 1.853 2.199 2.756 2.835 2.513 1.937 1.812 1.483 1.558 1.556 1.834 2.281 2.721 2.902 3.411 3.733 3.041 2.529 2.156 1.996 1.766 1.672 1.641 1.387 1.191 1.305 1.278 0.896 1.021 1.247 1.174 0.885 1.184 1.446 1.324 1.262 1.590 1.778 1.805 1.925 2.446 3.048
4.687 3.969 3.019 2.739 2.316 2.116 1.933 1.869 1.793 1.684 1.803 2.297 2.679 2.499 2.236 2.577 2.473 2.352 2.690 3.073 3.021 3.669 4.267 4.302 4.520 4.066 3.514 2.848 2.285 1.838 1.667 1.434 1.333 1.014 1.256 1.650 1.925 2.169 2.138 2.069 1.565 1.226 0.823 0.640 0.585 0.498 0.000 0.494 0.581 0.604 0.608 0.702 0.878 0.974 0.991 1.163 1.349 1.503 1.650 2.026 2.562 2.617 2.320 1.704 1.615 1.338 1.380 1.437 1.675 2.107 2.556 2.893 3.347 3.688 2.986 2.558 2.358 2.190 1.871 1.730 1.721 1.550 1.270 1.348 1.396 1.042 0.975 1.225 1.246 0.921 1.126 1.370 1.328 1.197 1.496 1.739 1.731 1.846 2.308 2.922
4.393 3.705 2.704 2.405 2.031 1.885 1.644 1.694 1.686 1.675 1.778 2.230 2.566 2.480 2.197 2.519 2.332 2.182 2.558 2.847 2.825 3.417 4.057 4.176 4.346 3.877 3.294 2.533 1.963 1.611 1.444 1.292 1.167 0.999 1.190 1.487 1.681 1.939 1.811 1.719 1.255 0.962 0.707 0.613 0.568 0.527 0.493 0.000 0.490 0.538 0.566 0.557 0.643 0.773 0.821 0.861 1.061 1.243 1.349 1.660 2.247 2.180 1.951 1.409 1.323 1.073 1.183 1.209 1.512 1.940 2.290 2.600 3.063 3.368 2.793 2.207 1.928 1.769 1.511 1.420 1.405 1.217 1.036 1.094 1.069 0.883 0.758 0.980 0.932 0.685 0.820 0.999 0.991 0.844 1.090 1.297 1.353 1.367 1.757 2.398
4.506 3.712 2.761 2.423 2.054 1.921 1.710 1.722 1.728 1.679 1.784 2.268 2.668 2.487 2.152 2.499 2.330 2.121 2.537 2.913 2.844 3.422 3.993 4.121 4.331 3.841 3.251 2.624 2.002 1.682 1.508 1.350 1.201 0.986 1.235 1.536 1.787 2.045 1.909 1.818 1.405 1.058 0.798 0.683 0.598 0.571 0.558 0.489 0.000 0.492 0.537 0.560 0.601 0.701 0.787 0.839 0.989 1.234 1.370 1.695 2.255 2.268 2.012 1.487 1.368 1.161 1.201 1.286 1.553 1.999 2.408 2.621 3.070 3.390 2.818 2.248 1.932 1.792 1.585 1.426 1.411 1.248 1.044 1.098 1.121 0.855 0.793 1.018 0.968 0.769 0.904 1.139 1.073 0.956 1.192 1.422 1.421 1.421 1.888 2.592
4.610 3.925 2.924 2.555 2.113 1.941 1.712 1.724 1.702 1.616 1.745 2.238 2.592 2.324 1.996 2.289 2.153 2.053 2.328 2.764 2.725 3.372 3.922 4.144 4.446 3.931 3.468 2.672 2.055 1.701 1.513 1.346 1.221 1.013 1.322 1.631 1.936 2.205 2.034 1.987 1.531 1.266 0.923 0.789 0.669 0.601 0.577 0.514 0.491 0.000 0.491 0.544 0.589 0.598 0.692 0.806 0.950 1.129 1.333 1.695 2.262 2.345 2.073 1.515 1.456 1.203 1.320 1.373 1.645 2.061 2.553 2.759 3.293 3.588 2.972 2.557 2.269 2.083 1.816 1.677 1.631 1.428 1.223 1.233 1.256 0.990 0.924 1.102 1.049 0.814 0.949 1.156 1.109 0.977 1.218 1.435 1.456 1.507 1.958 2.599
4.541 3.701 2.670 2.330 2.028 1.787 1.627 1.634 1.640 1.579 1.744 2.201 2.644 2.564 2.120 2.336 2.212 2.056 2.430 2.716 2.761 3.362 4.007 4.149 4.305 3.817 3.320 2.488 1.923 1.581 1.404 1.153 1.139 0.985 1.319 1.650 1.905 2.149 2.118 2.133 1.618 1.369 1.021 0.908 0.807 0.679 0.642 0.566 0.542 0.495 0.000 0.491 0.579 0.624 0.597 0.686 0.915 1.086 1.175 1.561 2.052 2.165 1.890 1.363 1.273 1.085 1.231 1.358 1.552 1.940 2.407 2.737 3.173 3.498 3.020 2.599 2.335 2.272 1.955 1.729 1.784 1.586 1.379 1.352 1.390 1.122 1.022 1.181 1.210 0.915 0.976 1.219 1.171 1.004 1.274 1.464 1.530 1.508 2.008 2.673
4.368 3.519 2.505 2.175 1.827 1.682 1.496 1.577 1.530 1.525 1.651 2.142 2.503 2.318 1.940 2.199 2.078 1.990 2.215 2.553 2.554 3.098 3.820 3.987 4.153 3.613 3.033 2.300 1.760 1.438 1.268 1.130 1.067 0.947 1.170 1.447 1.664 1.944 1.871 1.882 1.481 1.206 0.953 0.881 0.800 0.718 0.647 0.548 0.543 0.519 0.488 0.000 0.489 0.532 0.548 0.557 0.713 0.899 1.057 1.375 1.906 1.990 1.717 1.264 1.180 1.061 1.113 1.219 1.409 1.841 2.239 2.573 3.090 3.405 2.891 2.389 2.059 2.026 1.703 1.520 1.601 1.429 1.205 1.212 1.268 1.018 0.922 1.086 1.061 0.855 0.873 1.079 1.002 0.883 1.037 1.233 1.300 1.250 1.676 2.255
4.540 3.874 2.766 2.375 2.045 1.909 1.690 1.745 1.747 1.670 1.787 2.284 2.613 2.484 1.988 2.323 2.167 1.989 2.324 2.670 2.657 3.219 3.855 4.009 4.241 3.793 3.324 2.520 1.978 1.641 1.465 1.307 1.222 1.020 1.317 1.645 1.850 2.152 2.092 2.096 1.752 1.433 1.172 1.093 0.934 0.896 0.847 0.624 0.610 0.595 0.533 0.489 0.000 0.497 0.563 0.618 0.702 0.900 1.114 1.537 2.176 2.184 1.954 1.431 1.321 1.127 1.244 1.327 1.595 1.986 2.406 2.662 3.157 3.465 3.016 2.471 2.198 2.114 1.849 1.646 1.638 1.508 1.336 1.281 1.317 1.109 0.969 1.143 1.141 0.891 0.932 1.167 1.125 0.976 1.221 1.436 1.483 1.542 1.939 2.530
4.517 3.774 2.828 2.490 2.136 1.960 1.718 1.786 1.738 1.636 1.813 2.255 2.536 2.294 1.869 2.058 2.026 1.943 2.187 2.594 2.631 3.308 3.849 3.991 4.192 3.845 3.292 2.565 1.998 1.694 1.469 1.288 1.302 1.085 1.459 1.785 2.043 2.328 2.260 2.317 1.917 1.685 1.354 1.256 1.089 0.960 0.943 0.755 0.651 0.616 0.569 0.527 0.493 0.000 0.493 0.580 0.690 0.798 1.030 1.489 1.982 2.145 1.970 1.433 1.388 1.222 1.372 1.452 1.732 2.126 2.625 2.895 3.361 3.705 3.230 2.924 2.658 2.572 2.191 1.993 2.017 1.830 1.597 1.552 1.586 1.325 1.165 1.316 1.318 1.025 1.082 1.309 1.203 1.025 1.276 1.486 1.457 1.514 1.920 2.583
4.601 3.809 2.820 2.425 2.139 1.980 1.751 1.805 1.776 1.642 1.843 2.280 2.536 2.313 1.921 2.160 2.081 1.901 2.251 2.582 2.593 3.179 3.775 3.912 4.131 3.654 3.177 2.474 1.951 1.512 1.441 1.264 1.353 1.188 1.440 1.831 2.088 2.343 2.237 2.327 1.908 1.683 1.388 1.293 1.179 1.071 0.960 0.826 0.739 0.676 0.591 0.550 0.536 0.495 0.000 0.493 0.614 0.748 0.959 1.451 1.984 2.067 1.938 1.424 1.377 1.194 1.407 1.556 1.754 2.192 2.615 2.977 3.386 3.724 3.250 2.885 2.701 2.600 2.223 2.059 2.116 1.939 1.640 1.652 1.720 1.449 1.293 1.435 1.447 1.161 1.198 1.442 1.408 1.153 1.389 1.619 1.653 1.620 2.073 2.725
4.838 4.042 3.017 2.613 2.266 2.089 1.838 1.900 1.859 1.745 1.904 2.398 2.656 2.447 1.974 2.250 2.142 1.914 2.324 2.683 2.688 3.223 3.828 4.007 4.205 3.742 3.341 2.627 2.049 1.678 1.543 1.299 1.378 1.199 1.498 1.819 2.063 2.386 2.354 2.473 2.094 1.857 1.534 1.570 1.486 1.385 1.190 0.969 0.975 0.902 0.690 0.623 0.638 0.602 0.497 0.000 0.541 0.746 1.000 1.460 2.008 2.098 2.002 1.421 1.474 1.349 1.490 1.565 1.771 2.201 2.765 3.060 3.558 3.862 3.484 3.101 2.920 2.879 2.458 2.244 2.396 2.279 1.806 1.859 2.102 1.675 1.441 1.702 1.749 1.369 1.336 1.715 1.561 1.282 1.522 1.822 1.749 1.694 2.170 2.861
5.419 4.749 3.586 3.056 2.585 2.448 2.195 2.232 2.308 2.075 2.259 2.820 2.950 2.778 2.254 2.595 2.344 2.089 2.532 2.970 2.872 3.417 4.192 4.352 4.508 4.115 3.850 2.974 2.394 1.969 1.831 1.615 1.691 1.536 1.954 2.399 2.584 3.057 3.024 3.311 2.810 2.519 2.255 2.162 1.925 1.903 1.786 1.378 1.291 1.314 1.077 0.808 0.805 0.811 0.616 0.505 0.000 0.556 0.964 1.577 2.107 2.289 2.413 1.595 1.678 1.466 1.770 1.917 2.208 2.595 3.212 3.443 3.995 4.350 3.976 3.706 3.366 3.523 3.054 2.735 2.781 2.706 2.254 2.139 2.322 2.090 1.768 1.903 2.014 1.662 1.552 1.863 1.896 1.509 1.732 2.098 2.100 1.899 2.484 3.227
5.266 4.611 3.768 3.349 2.883 2.613 2.530 2.508 2.553 2.435 2.690 3.074 3.267 2.875 2.196 2.442 2.427 1.763 2.333 2.855 2.827 3.290 4.071 4.255 4.297 4.082 3.687 3.073 2.567 2.195 2.188 1.978 2.236 2.065 2.538 3.142 3.371 3.775 3.792 4.160 3.680 3.499 2.979 2.783 2.551 2.310 2.268 1.906 1.664 1.605 1.476 1.194 1.038 1.102 0.893 0.714 0.573 0.000 0.569 1.288 2.156 2.589 2.643 1.816 2.158 1.987 2.377 2.721 2.699 3.201 3.731 4.176 4.532 4.879 4.729 4.637 4.582 4.680 4.173 3.809 3.999 3.768 3.168 3.112 3.299 2.889 2.642 2.739 2.789 2.273 2.261 2.642 2.533 1.956 2.443 2.683 2.496 2.376 3.094 3.723
6.291 5.775 4.541 4.045 3.644 3.766 3.644 3.780 3.770 3.355 3.579 3.994 3.816 3.424 2.978 3.226 3.248 2.442 2.977 3.723 3.499 3.778 4.768 4.904 4.904 4.545 4.198 3.607 2.963 2.661 3.153 2.900 3.531 3.278 3.934 4.580 5.038 5.609 5.511 6.238 5.699 5.587 5.090 5.156 4.903 4.448 3.972 3.455 3.322 3.107 2.658 2.378 2.236 1.762 1.552 1.359 1.107 0.623 0.000 0.670 1.755 2.119 2.549 2.183 2.900 3.077 3.784 4.248 4.206 4.857 5.671 6.017 6.744 7.148 7.124 7.320 7.195 7.477 6.620 6.137 6.477 6.383 5.442 5.391 5.691 5.114 4.731 4.943 5.030 4.345 4.014 4.581 4.403 3.545 3.982 4.426 4.266 3.698 4.273 5.022
9.326 8.538 7.292 6.194 5.057 4.946 4.976 5.067 5.328 4.667 5.428 6.138 5.828 5.138 4.101 4.043 4.106 3.187 3.486 4.354 4.401 4.181 5.299 5.916 6.153 5.789 5.754 5.145 4.097 3.592 4.033 4.030 4.692 4.774 6.230 6.900 7.774 8.434 8.600 9.261 8.729 8.996 7.726 7.691 7.624 7.060 6.419 5.993 5.745 5.701 4.521 3.959 3.623 3.374 2.671 2.133 2.683 1.658 0.666 0.000 0.839 1.926 2.588 2.518 3.625 4.048 5.160 6.195 6.141 7.095 8.418 8.670 9.411 10.005 10.061 10.317 10.110 10.577 9.781 9.042 9.343 9.179 8.052 7.515 8.067 7.749 6.809 6.485 7.246 6.615 5.211 5.759 6.308 4.938 5.013 5.721 5.900 4.815 5.480 6.547
11.952 10.280 8.365 6.775 5.963 6.362 7.066 7.272 8.264 8.349 9.715 10.186 10.190 9.436 7.660 7.796 7.495 6.006 6.319 7.557 6.412 5.911 7.766 8.134 8.405 7.762 7.313 6.003 4.346 4.043 4.959 5.580 7.997 8.392 9.687 9.619 9.706 10.385 10.080 10.028 9.644 9.939 9.236 9.588 9.590 9.674 9.561 8.389 7.942 7.800 7.220 5.289 4.799 5.124 4.274 2.986 3.588 3.068 1.981 0.637 0.000 0.695 1.786 2.561 3.154 4.693 6.159 8.245 8.563 9.416 9.975 9.786 10.250 10.926 10.892 10.514 9.993 10.352 9.880 9.732 9.207 9.453 9.517 8.732 8.553 9.310 8.532 7.376 8.229 8.300 6.840 6.806 7.546 6.546 5.642 6.781 7.010 5.677 6.428 8.391
9.809 8.583 6.784 5.261 4.425 5.152 5.059 5.765 6.530 6.681 7.136 8.267 8.512 8.156 7.325 7.523 7.237 5.903 6.557 7.753 6.396 6.231 7.994 7.884 7.625 6.695 5.688 4.681 3.181 3.553 3.892 4.240 5.135 5.684 6.936 7.975 8.222 9.180 9.217 9.972 9.248 9.273 8.610 8.650 8.422 8.347 7.722 7.216 6.641 7.001 5.929 4.591 4.412 4.889 3.901 3.106 3.821 3.701 2.737 1.611 0.605 0.000 0.748 1.761 2.687 3.851 4.854 6.059 6.481 7.651 8.392 8.768 9.610 10.366 10.253 10.859 10.407 11.005 10.010 9.236 9.556 9.453 8.839 7.952 8.665 8.564 7.693 7.581 8.359 7.504 5.827 6.934 7.312 5.763 5.712 7.070 6.572 5.504 6.313 7.458
9.994 9.471 7.504 6.194 4.533 4.657 4.068 4.697 4.582 5.361 5.446 7.119 8.348 9.013 7.327 9.048 7.571 6.948 8.116 8.501 6.995 7.235 8.576 8.208 7.584 6.770 5.920 5.235 3.355 2.995 2.539 2.709 3.314 3.808 4.705 4.879 5.113 5.953 6.094 7.350 7.581 8.373 8.149 9.518 9.386 9.495 8.367 6.860 7.314 8.122 6.138 4.814 5.861 5.981 4.852 4.641 6.305 5.839 4.401 2.570 1.667 0.810 0.000 0.781 2.388 2.934 3.834 4.173 4.217 4.894 5.915 6.254 7.686 7.882 8.102 8.703 9.521 9.814 8.448 7.541 9.075 9.896 7.934 6.958 9.273 8.954 7.365 7.270 9.276 8.101 5.905 7.655 8.973 6.401 6.110 8.620 8.402 6.632 7.556 9.492
5.959 5.010 3.972 3.073 2.457 2.569 2.471 3.293 3.929 3.872 4.319 5.302 5.589 5.478 4.617 5.063 4.560 3.979 4.632 4.899 4.298 4.473 5.409 5.236 5.079 4.390 3.952 3.046 2.125 1.836 1.538 2.105 2.750 2.983 3.680 4.258 4.166 4.760 5.027 5.403 5.019 4.739 4.438 4.521 4.002 4.478 4.262 3.335 3.391 3.972 3.414 2.665 3.157 3.505 2.657 2.568 3.315 3.296 2.606 2.177 2.365 1.865 0.764 0.000 0.629 1.269 1.888 2.709 3.396 3.899 4.080 4.401 4.956 5.542 5.488 5.051 4.405 4.871 4.566 3.898 3.605 4.133 3.572 2.997 3.382 3.544 2.877 2.772 3.403 3.128 2.591 3.098 3.530 3.178 3.052 3.760 3.902 3.545 4.075 5.064
4.650 3.956 3.264 2.590 1.972 1.949 1.736 1.920 2.353 2.332 2.682 3.321 3.946 3.954 3.319 3.753 3.358 3.067 3.634 3.901 3.596 4.046 4.878 4.676 4.760 3.970 3.438 2.663 1.736 1.297 1.010 1.201 1.468 1.599 2.081 2.334 2.533 3.035 3.118 3.423 3.126 2.954 2.786 2.977 2.825 3.036 2.916 2.220 2.453 2.709 2.338 1.873 2.390 2.498 1.949 2.155 2.651 2.585 2.343 2.249 2.510 2.148 1.387 0.561 0.000 0.635 1.133 1.638 1.914 2.411 2.929 3.404 3.928 4.371 3.985 3.749 3.480 3.690 3.219 2.724 2.851 2.935 2.488 2.242 2.582 2.540 1.999 2.109 2.605 2.354 2.021 2.318 2.744 2.389 2.358 2.831 3.154 2.790 3.075 4.163
5.008 4.092 3.080 2.527 2.103 2.020 1.668 1.814 1.991 2.001 2.216 2.851 3.332 3.517 3.196 3.522 3.190 3.018 3.512 3.834 3.466 4.003 4.899 4.800 4.789 4.140 3.428 2.714 2.029 1.644 1.248 1.249 1.121 1.346 1.650 1.848 1.953 2.331 2.469 2.684 2.473 2.343 2.361 2.696 2.480 2.800 2.510 2.033 2.132 2.450 2.089 1.706 2.215 2.338 1.974 2.027 2.621 2.692 2.395 2.400 2.549 2.331 1.793 1.092 0.591 0.000 0.571 0.952 1.491 2.003 2.375 2.788 3.309 3.650 3.338 2.935 2.748 2.903 2.528 2.097 2.251 2.394 2.005 1.843 2.214 2.120 1.708 1.920 2.255 2.184 1.840 2.180 2.421 2.307 2.263 2.663 2.870 2.405 2.816 3.700
5.589 4.883 3.977 3.112 2.756 2.516 1.971 2.031 2.028 2.233 2.322 3.007 3.706 3.911 3.587 4.086 3.663 3.422 3.846 4.349 4.062 4.497 5.240 5.368 5.294 4.625 4.007 3.307 2.388 2.078 1.465 1.302 1.115 1.243 1.389 1.603 1.780 2.079 2.238 2.508 2.351 2.401 2.342 2.703 2.558 2.734 2.635 1.963 2.236 2.498 2.241 1.806 2.343 2.551 2.183 2.167 2.758 2.791 2.594 2.474 2.753 2.511 2.100 1.419 1.097 0.532 0.000 0.539 1.218 1.854 2.292 2.807 3.337 3.657 3.249 3.003 2.862 3.052 2.576 2.139 2.388 2.527 2.033 1.906 2.352 2.217 1.767 2.078 2.412 2.192 1.965 2.343 2.632 2.311 2.273 2.931 3.063 2.651 3.012 4.007
5.541 4.966 3.687 3.280 2.609 2.436 1.886 1.933 1.802 1.967 2.093 2.747 3.448 3.634 3.335 3.924 3.416 3.429 4.085 4.366 4.184 4.830 5.672 5.595 5.771 5.125 4.626 3.721 2.828 2.352 1.692 1.532 1.218 1.334 1.361 1.577 1.755 2.299 2.381 2.709 2.493 2.433 2.339 2.684 2.610 2.890 2.696 2.034 2.501 2.785 2.439 2.214 2.821 2.872 2.497 2.758 3.311 3.228 3.139 3.314 3.506 3.360 2.941 1.984 1.572 1.003 0.527 0.000 0.677 1.686 2.198 2.681 3.469 3.889 3.533 3.168 2.932 3.144 2.744 2.309 2.481 2.603 2.067 1.983 2.411 2.232 1.824 2.113 2.559 2.373 2.196 2.606 2.901 2.674 2.763 3.361 3.599 3.377 3.913 4.769
7.720 7.369 6.458 5.945 4.835 4.156 3.009 2.725 2.164 2.684 2.791 3.563 4.829 5.262 5.156 5.560 4.933 5.532 6.582 6.625 6.401 7.703 8.535 8.276 8.662 7.840 7.583 6.397 5.580 4.624 3.389 2.852 1.823 2.198 1.890 2.025 2.396 3.091 3.558 4.435 4.047 3.559 3.351 3.672 3.394 4.361 4.178 3.251 3.971 4.836 4.111 4.242 5.434 5.688 5.032 5.533 6.692 6.496 6.309 6.613 6.640 6.355 5.968 4.675 3.523 2.650 1.672 0.731 0.000 1.538 2.768 3.932 4.844 5.500 5.051 5.387 5.114 5.332 4.442 3.634 3.661 3.589 2.926 2.715 3.053 2.964 2.477 3.028 3.274 3.448 3.550 4.070 4.618 4.797 5.302 5.662 6.534 6.837 6.969 8.176
11.062 10.813 10.112 9.532 7.554 6.881 4.590 4.062 3.147 3.579 3.275 4.856 5.612 5.969 5.163 6.471 6.525 6.256 7.363 8.462 8.318 8.983 10.372 10.439 10.944 10.482 10.579 9.299 8.150 6.512 5.186 3.834 2.639 2.967 3.069 3.124 3.463 4.158 5.589 6.689 6.598 6.267 6.161 7.135 6.908 6.540 5.414 4.752 5.266 5.036 4.207 4.888 5.196 4.877 4.877 5.946 6.180 6.526 7.088 8.025 8.214 9.150 8.249 6.601 6.008 4.568 3.611 2.431 1.152 0.000 1.228 2.837 3.837 5.270 5.811 6.495 7.012 8.263 6.509 5.729 6.516 7.242 5.715 5.750 7.416 6.286 5.486 7.380 8.421 6.857 7.537 8.727 8.805 7.697 8.940 10.133 9.300 9.564 11.094 11.814
9.748 10.136 9.279 9.107 7.957 5.681 4.466 3.774 3.489 4.496 5.101 6.180 7.558 8.269 7.111 7.078 5.667 6.849 7.695 6.991 7.505 8.652 9.541 9.283 9.848 9.367 9.748 8.854 8.224 6.683 5.859 4.869 3.930 5.227 4.906 4.450 3.917 4.346 6.096 7.121 7.917 7.562 7.969 9.321 9.475 10.393 9.027 8.563 9.251 9.383 8.751 9.270 9.552 8.773 8.516 9.042 9.804 8.778 8.685 9.900 9.619 9.930 9.183 8.539 7.441 6.094 4.622 3.283 2.254 0.938 0.000 1.151 2.400 3.818 4.557 5.072 5.496 6.574 6.381 4.943 6.362 7.333 6.537 6.404 7.829 8.274 7.260 8.826 9.570 9.326 9.895 10.100 11.293 10.403 11.076 11.924 12.254 11.867 12.716 13.400
9.107 8.769 7.610 7.478 5.880 5.501 4.656 4.652 5.005 6.565 6.977 8.313 9.410 10.040 9.183 9.966 8.676 8.778 9.815 9.318 8.755 9.736 10.622 9.824 10.023 8.961 8.877 7.767 7.425 6.817 5.604 5.886 5.395 6.921 6.476 5.885 4.613 5.060 6.553 7.220 7.839 8.495 9.256 10.182 10.801 11.498 10.509 9.644 10.857 10.805 10.021 10.167 11.146 10.606 9.892 10.519 11.399 10.489 9.547 10.186 9.938 9.712 8.430 7.600 6.714 6.137 4.829 4.129 4.000 2.415 0.841 0.000 1.454 2.906 3.943 4.463 5.508 6.577 6.324 5.146 6.325 7.614 6.948 6.241 8.329 8.556 8.028 8.828 9.927 9.992 9.882 10.852 11.347 11.118 11.327 12.574 13.049 12.434 13.101 14.395
15.622 14.536 12.621 10.419 8.900 9.896 7.513 8.810 9.953 11.354 11.766 14.897 17.012 17.795 15.759 17.420 15.730 14.962 17.306 17.059 14.987 15.687 17.165 16.235 15.561 13.992 13.667 11.653 9.681 9.678 7.533 8.358 7.911 9.739 9.836 9.731 6.695 7.501 10.997 11.167 13.024 13.275 14.093 16.812 16.151 17.463 15.846 14.068 14.844 16.320 14.418 12.739 14.808 16.014 13.465 12.948 16.227 16.106 13.469 12.207 10.749 10.321 9.870 8.178 7.458 6.651 5.802 5.437 6.574 5.235 3.218 0.918 0.000 1.726 3.867 6.694 8.871 10.948 9.930 7.480 10.591 11.842 9.982 9.341 12.311 12.840 9.921 11.459 14.626 13.265 11.416 13.734 15.451 13.886 13.079 15.846 16.184 14.590 15.226 16.926
12.602 12.513 12.476 13.569 13.304 11.875 11.305 11.426 12.937 15.073 15.654 17.017 18.231 18.687 17.569 18.320 17.813 17.580 19.148 18.803 18.078 19.141 19.970 19.407 18.917 17.858 17.644 16.117 15.665 15.728 14.572 15.007 13.177 14.715 13.085 11.170 7.979 7.824 10.352 8.679 11.544 12.447 15.957 16.368 17.597 19.025 17.985 17.581 18.603 19.229 18.188 17.880 19.161 18.861 18.048 18.703 20.096 19.762 18.732 19.553 18.595 19.184 18.001 17.034 15.650 15.542 12.446 10.047 9.836 7.176 4.463 3.465 1.147 0.000 1.494 3.810 7.136 8.168 8.063 7.813 11.079 12.555 11.327 12.342 15.698 16.652 16.640 17.134 17.881 17.802 17.752 18.064 19.483 19.119 18.967 20.407 20.774 20.487 21.044 21.656
16.541 17.120 16.784 17.132 16.228 14.222 13.479 12.153 10.439 13.292 12.244 13.220 14.554 16.138 15.129 16.210 15.251 16.016 17.612 17.178 17.118 18.211 19.041 18.863 18.503 18.284 18.519 18.003 17.713 16.732 15.368 14.855 12.773 12.432 10.567 9.508 6.951 5.757 7.583 7.788 9.412 10.304 12.681 14.131 15.573 16.711 16.258 15.780 17.044 17.622 16.335 16.907 18.127 18.083 17.348 18.506 19.380 18.998 18.662 19.561 19.293 19.709 18.914 17.460 16.313 14.958 13.173 9.954 8.867 7.347 5.992 4.975 2.960 1.034 0.000 1.406 3.172 5.126 6.205 6.245 8.146 9.960 9.795 10.773 13.011 13.418 14.209 15.579 16.082 16.417 16.881 17.893 18.074 18.744 19.345 20.457 20.207 20.560 21.198 21.722
13.399 13.498 12.602 12.286 11.475 11.063 9.230 9.392 8.744 9.141 8.604 9.135 10.443 11.885 11.744 12.780 12.276 12.819 13.860 13.938 14.178 14.876 15.568 15.770 15.488 15.117 14.414 13.578 12.603 11.701 9.914 9.588 8.012 7.579 6.615 6.560 4.865 4.580 5.282 4.771 5.396 4.980 6.222 7.040 7.624 8.660 8.640 7.616 9.136 9.980 9.858 9.941 10.939 11.553 11.608 11.827 12.937 13.263 13.185 13.451 13.185 12.807 12.386 11.337 9.582 8.495 7.345 6.202 6.914 6.304 5.485 4.206 3.653 2.608 1.044 0.000 1.335 1.900 2.524 2.196 2.316 3.178 4.371 4.303 4.343 5.476 5.720 6.231 6.539 7.779 7.977 8.260 9.308 9.978 9.944 10.141 11.290 11.635 11.745 12.678
8.475 8.621 7.213 7.058 6.557 6.548 5.536 5.804 5.290 5.611 5.183 6.028 6.651 7.289 6.988 7.711 7.254 7.329 8.080 8.159 8.047 8.624 9.136 9.254 9.292 8.726 8.621 7.674 7.070 6.438 5.656 5.468 4.666 4.573 4.008 4.008 3.448 3.654 3.631 3.338 3.127 2.641 3.172 3.517 3.637 4.277 4.377 4.160 4.603 5.051 5.104 5.275 5.761 6.080 6.177 6.463 6.913 6.978 6.947 7.202 6.892 7.175 6.781 6.097 5.212 4.743 4.254 3.751 4.224 4.156 3.808 3.374 3.582 3.272 2.056 0.691 0.000 0.644 1.181 1.354 1.508 1.618 2.011 2.329 2.623 2.877 3.162 3.558 3.887 4.016 4.425 4.720 4.921 5.104 5.639 5.856 5.970 6.235 6.680 7.229
7.636 7.285 6.212 5.855 5.102 4.995 4.460 4.489 4.195 4.256 4.070 4.593 5.277 5.596 5.362 6.153 5.715 5.717 6.507 6.745 6.506 7.079 7.624 7.704 7.924 7.347 7.021 6.081 5.522 4.930 4.320 4.055 3.395 3.156 2.843 3.027 2.846 3.140 2.915 2.581 2.153 1.757 2.005 2.328 2.561 2.859 2.822 2.665 3.257 3.506 3.461 3.667 4.152 4.240 4.295 4.621 5.022 5.385 5.242 5.623 5.457 5.756 5.285 4.542 4.131 3.340 3.133 2.779 3.252 3.502 3.444 3.221 3.506 3.461 2.390 1.135 0.547 0.000 0.651 0.982 1.301 1.284 1.416 1.799 2.095 2.055 2.218 2.651 2.867 2.785 3.142 3.577 3.762 3.931 4.262 4.626 4.812 4.876 5.396 5.858
6.585 6.036 5.165 4.611 4.165 4.129 3.644 3.693 3.543 3.732 3.544 4.293 4.860 5.262 4.876 5.531 5.021 4.942 5.532 5.746 5.483 6.053 6.697 6.581 6.718 6.150 5.814 5.046 4.321 3.965 3.384 3.284 2.790 2.690 2.469 2.669 2.293 2.713 2.651 2.383 2.166 1.678 1.973 2.407 2.500 2.946 2.921 2.496 2.874 3.236 3.135 3.058 3.614 3.761 3.642 3.787 4.222 4.448 4.290 4.528 4.588 4.578 4.240 3.561 3.107 2.560 2.355 2.249 2.713 2.920 3.083 2.950 3.326 3.490 2.315 1.338 0.891 0.569 0.000 0.560 0.958 1.164 0.926 1.149 1.586 1.697 1.695 2.017 2.388 2.333 2.465 2.842 3.003 3.045 3.365 3.642 3.929 3.987 4.385 4.991
5.919 5.570 4.404 4.156 3.578 3.478 3.029 3.205 3.015 3.180 3.067 3.628 4.357 4.596 4.211 4.880 4.367 4.378 4.874 5.142 4.910 5.259 5.917 6.009 6.094 5.555 5.203 4.421 3.749 3.317 2.913 2.805 2.385 2.395 2.242 2.280 2.175 2.415 2.315 2.129 1.832 1.477 1.774 1.960 1.997 2.333 2.471 2.132 2.396 2.769 2.665 2.687 3.081 3.245 3.128 3.404 3.743 3.809 3.829 3.913 3.976 3.889 3.646 2.951 2.638 2.205 2.040 1.922 2.315 2.567 2.731 2.568 3.099 3.178 2.434 1.494 1.012 0.874 0.541 0.000 0.521 0.746 0.819 0.812 0.932 1.179 1.327 1.451 1.629 1.808 1.939 2.069 2.317 2.409 2.523 2.763 3.040 3.219 3.565 4.197
5.868 5.383 4.350 3.994 3.534 3.449 2.962 3.104 2.882 2.997 2.950 3.604 4.208 4.356 4.038 4.534 4.172 4.118 4.655 4.848 4.797 5.213 5.853 5.879 6.029 5.466 5.263 4.387 3.772 3.433 2.810 2.660 2.231 2.107 2.097 2.160 2.151 2.361 2.327 2.212 1.740 1.321 1.469 1.564 1.560 1.886 2.039 1.734 1.983 2.347 2.370 2.282 2.778 2.955 2.920 3.118 3.420 3.611 3.647 3.775 3.915 3.896 3.665 2.889 2.564 2.145 1.878 1.796 2.169 2.454 2.546 2.471 2.921 3.068 2.238 1.391 1.090 1.066 0.811 0.504 0.000 0.520 0.640 0.706 0.739 0.834 1.028 1.210 1.248 1.406 1.647 1.785 1.804 2.024 2.155 2.291 2.539 2.754 3.051 3.667
5.426 4.748 3.698 3.368 2.812 2.816 2.366 2.441 2.281 2.299 2.358 2.870 3.427 3.500 3.217 3.669 3.341 3.188 3.693 3.970 3.844 4.450 5.028 5.058 5.302 4.789 4.384 3.607 2.946 2.538 2.141 1.994 1.702 1.575 1.596 1.862 2.007 2.263 2.165 2.015 1.535 1.087 1.095 1.269 1.244 1.582 1.500 1.225 1.470 1.644 1.630 1.622 1.859 2.017 2.015 2.156 2.474 2.612 2.664 2.937 3.159 3.206 2.941 2.217 1.989 1.628 1.549 1.489 1.861 2.232 2.445 2.536 2.967 3.157 2.418 1.599 1.152 1.118 0.898 0.630 0.499 0.000 0.495 0.609 0.677 0.659 0.768 0.995 1.084 1.086 1.253 1.501 1.578 1.563 1.798 1.988 2.130 2.305 2.689 3.294
4.700 4.049 3.071 2.810 2.403 2.154 1.950 2.025 2.016 2.094 2.102 2.624 3.191 3.266 2.917 3.283 2.916 2.865 3.351 3.513 3.437 4.046 4.654 4.644 4.796 4.264 3.753 3.017 2.413 2.034 1.785 1.647 1.489 1.390 1.409 1.651 1.762 1.987 1.943 1.767 1.402 0.985 1.012 1.166 1.168 1.444 1.375 1.134 1.356 1.587 1.535 1.439 1.701 1.867 1.760 1.836 2.244 2.288 2.250 2.517 2.780 2.743 2.433 1.821 1.555 1.300 1.272 1.267 1.610 1.960 2.142 2.323 2.846 3.108 2.431 1.486 1.128 1.051 0.916 0.635 0.574 0.492 0.000 0.494 0.566 0.600 0.593 0.709 0.851 0.910 0.963 1.139 1.270 1.282 1.417 1.609 1.772 1.861 2.288 2.854
4.855 4.232 3.142 2.836 2.378 2.268 1.961 2.057 1.974 2.058 2.103 2.589 3.238 3.268 2.853 3.289 2.856 2.817 3.317 3.474 3.372 4.030 4.634 4.615 4.875 4.221 3.879 3.054 2.447 2.130 1.784 1.708 1.477 1.396 1.515 1.590 1.773 2.006 1.861 1.757 1.309 1.008 1.039 1.115 1.135 1.369 1.385 1.111 1.272 1.539 1.512 1.458 1.740 1.926 1.814 1.942 2.282 2.348 2.293 2.575 2.813 2.768 2.464 1.851 1.607 1.363 1.267 1.279 1.575 1.928 2.123 2.405 2.814 3.018 2.305 1.465 1.172 1.124 0.842 0.682 0.631 0.559 0.492 0.000 0.495 0.562 0.591 0.630 0.714 0.828 0.936 0.991 1.141 1.248 1.336 1.468 1.709 1.823 2.103 2.769
4.800 4.068 3.104 2.659 2.336 2.296 1.965 2.044 2.006 2.056 2.163 2.660 3.268 3.212 2.860 3.282 3.016 2.855 3.323 3.571 3.518 4.069 4.628 4.686 4.891 4.312 3.875 3.066 2.445 2.102 1.828 1.697 1.474 1.465 1.491 1.626 1.831 2.069 1.986 1.926 1.427 1.110 0.992 1.029 0.975 1.232 1.260 1.012 1.154 1.379 1.407 1.338 1.551 1.797 1.739 1.790 2.143 2.333 2.326 2.492 2.769 2.729 2.488 1.849 1.599 1.403 1.272 1.265 1.605 1.962 2.173 2.388 2.834 3.136 2.399 1.558 1.201 1.162 1.001 0.734 0.666 0.611 0.539 0.492 0.000 0.493 0.541 0.607 0.576 0.669 0.824 0.897 0.935 1.047 1.207 1.287 1.411 1.649 1.895 2.524
4.541 3.911 2.825 2.511 2.102 1.928 1.747 1.743 1.762 1.725 1.902 2.351 2.781 2.836 2.471 2.762 2.491 2.346 2.853 3.093 2.953 3.669 4.357 4.283 4.514 3.864 3.504 2.693 2.119 1.757 1.544 1.419 1.271 1.205 1.349 1.561 1.814 2.034 1.957 1.870 1.368 1.084 0.914 0.944 0.834 1.031 1.033 0.797 0.920 1.105 1.070 1.016 1.208 1.384 1.349 1.326 1.606 1.771 1.792 2.091 2.484 2.411 2.156 1.616 1.402 1.164 1.168 1.186 1.498 1.891 2.188 2.434 2.875 3.175 2.534 1.691 1.314 1.221 1.056 0.849 0.715 0.631 0.560 0.528 0.494 0.000 0.491 0.554 0.581 0.557 0.636 0.789 0.882 0.865 1.006 1.174 1.305 1.386 1.703 2.349
4.684 3.978 2.833 2.472 2.183 2.003 1.784 1.877 1.886 1.922 1.983 2.447 3.007 2.937 2.603 2.970 2.626 2.478 2.927 3.126 3.009 3.659 4.362 4.373 4.634 3.938 3.553 2.731 2.165 1.837 1.627 1.507 1.276 1.268 1.366 1.596 1.771 2.036 1.939 1.772 1.319 1.045 0.988 0.972 0.940 1.128 1.098 0.839 0.984 1.230 1.182 1.118 1.342 1.501 1.445 1.497 1.719 1.856 1.847 2.089 2.493 2.379 2.114 1.579 1.417 1.183 1.197 1.230 1.544 1.914 2.173 2.440 2.886 3.215 2.594 1.802 1.423 1.312 1.104 0.934 0.855 0.696 0.605 0.579 0.543 0.491 0.000 0.495 0.540 0.575 0.568 0.670 0.802 0.835 0.903 1.092 1.284 1.322 1.614 2.300
4.668 4.045 2.991 2.581 2.180 2.056 1.785 1.840 1.802 1.875 1.971 2.534 3.056 3.024 2.626 3.018 2.625 2.515 3.007 3.266 3.087 3.793 4.475 4.461 4.667 4.038 3.649 2.841 2.164 1.909 1.573 1.504 1.332 1.280 1.408 1.503 1.740 1.959 1.917 1.856 1.443 1.170 1.060 1.089 0.999 1.173 1.199 0.944 1.037 1.264 1.235 1.175 1.378 1.554 1.533 1.568 1.883 2.020 2.023 2.230 2.575 2.529 2.153 1.655 1.456 1.209 1.145 1.185 1.434 1.787 2.158 2.386 2.901 3.247 2.548 1.777 1.494 1.432 1.177 0.959 0.936 0.826 0.646 0.607 0.575 0.540 0.490 0.000 0.491 0.546 0.566 0.580 0.661 0.777 0.886 0.927 1.134 1.283 1.508 2.130
4.511 3.798 2.876 2.526 2.174 2.066 1.792 1.861 1.910 1.881 1.983 2.482 2.962 2.895 2.592 2.969 2.700 2.466 2.948 3.213 3.066 3.729 4.276 4.383 4.593 4.014 3.531 2.783 2.179 1.837 1.610 1.506 1.351 1.279 1.434 1.618 1.815 2.075 2.003 1.910 1.503 1.208 1.015 1.030 0.866 1.046 1.064 0.878 0.862 1.105 1.136 1.028 1.183 1.368 1.366 1.327 1.587 1.871 1.930 2.112 2.455 2.451 2.144 1.591 1.387 1.207 1.186 1.250 1.541 1.929 2.235 2.392 2.889 3.277 2.615 1.855 1.481 1.441 1.287 1.032 0.921 0.854 0.730 0.634 0.595 0.548 0.516 0.490 0.000 0.488 0.538 0.567 0.559 0.635 0.777 0.862 0.962 1.105 1.420 2.026
4.497 3.797 2.789 2.439 2.141 1.984 1.728 1.795 1.778 1.816 1.923 2.380 2.805 2.710 2.410 2.731 2.485 2.319 2.713 3.045 2.918 3.551 4.140 4.253 4.434 3.901 3.414 2.660 2.082 1.713 1.553 1.427 1.340 1.223 1.346 1.600 1.851 2.085 2.027 1.940 1.562 1.160 1.069 1.017 0.865 0.999 1.052 0.777 0.777 1.054 1.011 0.894 0.999 1.216 1.203 1.151 1.411 1.559 1.648 1.860 2.252 2.255 1.992 1.472 1.347 1.143 1.212 1.259 1.551 1.926 2.287 2.507 2.980 3.326 2.714 1.951 1.589 1.513 1.351 1.159 1.032 0.889 0.794 0.737 0.627 0.567 0.535 0.519 0.489 0.000 0.488 0.533 0.563 0.558 0.651 0.789 0.902 0.940 1.291 1.949
4.729 4.056 2.945 2.529 2.177 2.050 1.846 1.886 1.907 1.882 1.969 2.503 3.030 2.896 2.529 2.900 2.617 2.409 2.861 3.155 2.982 3.640 4.328 4.462 4.636 4.077 3.520 2.745 2.121 1.803 1.627 1.488 1.343 1.203 1.372 1.602 1.861 2.075 1.988 1.924 1.545 1.213 1.074 1.055 0.919 1.052 1.041 0.825 0.859 1.074 1.038 0.988 1.093 1.341 1.280 1.256 1.557 1.711 1.728 1.938 2.261 2.214 2.032 1.567 1.462 1.174 1.236 1.293 1.586 1.963 2.312 2.583 3.053 3.403 2.740 2.095 1.731 1.629 1.411 1.214 1.152 1.001 0.859 0.812 0.750 0.602 0.560 0.547 0.521 0.488 0.000 0.491 0.534 0.563 0.589 0.689 0.837 0.890 1.166 1.858
4.688 3.985 2.926 2.480 2.131 2.071 1.763 1.864 1.945 1.827 2.021 2.565 3.030 2.976 2.619 2.931 2.638 2.438 2.985 3.243 3.013 3.747 4.357 4.455 4.690 4.033 3.597 2.779 2.088 1.827 1.587 1.481 1.357 1.272 1.513 1.670 1.868 2.152 2.139 2.091 1.734 1.392 1.251 1.244 1.068 1.233 1.204 0.923 0.966 1.193 1.174 1.031 1.229 1.457 1.370 1.418 1.690 1.890 1.856 2.025 2.371 2.373 2.022 1.557 1.346 1.172 1.189 1.270 1.531 1.900 2.309 2.511 3.028 3.414 2.826 2.199 1.805 1.792 1.574 1.296 1.210 1.150 0.965 0.822 0.831 0.733 0.592 0.586 0.554 0.523 0.489 0.000 0.491 0.544 0.589 0.606 0.758 0.898 1.169 1.839
4.646 3.995 2.942 2.620 2.234 2.134 1.919 1.954 2.043 1.982 2.105 2.623 3.077 2.958 2.635 2.962 2.685 2.477 2.994 3.250 3.043 3.724 4.351 4.441 4.652 4.042 3.583 2.796 2.209 1.883 1.631 1.518 1.433 1.380 1.549 1.815 2.033 2.320 2.290 2.221 1.845 1.501 1.376 1.282 1.098 1.229 1.238 0.953 0.937 1.153 1.166 0.978 1.087 1.363 1.314 1.290 1.486 1.719 1.798 1.978 2.260 2.340 2.087 1.601 1.421 1.247 1.304 1.385 1.702 2.090 2.442 2.669 3.103 3.529 2.992 2.358 1.966 1.897 1.717 1.469 1.352 1.229 1.074 0.969 0.876 0.812 0.704 0.634 0.594 0.548 0.512 0.490 0.000 0.491 0.565 0.618 0.681 0.793 1.133 1.712
4.696 3.948 2.952 2.568 2.204 2.123 1.901 1.981 1.990 1.953 2.107 2.596 3.011 2.853 2.524 2.796 2.609 2.388 2.813 3.075 3.011 3.580 4.303 4.400 4.645 4.016 3.507 2.716 2.140 1.793 1.640 1.487 1.501 1.320 1.550 1.827 2.048 2.341 2.261 2.276 1.854 1.522 1.362 1.274 1.040 1.151 1.175 0.922 0.887 1.126 1.106 0.920 1.112 1.307 1.243 1.198 1.431 1.656 1.670 1.814 2.131 2.234 1.968 1.523 1.423 1.216 1.350 1.453 1.723 2.115 2.538 2.754 3.181 3.527 3.019 2.399 2.058 2.020 1.766 1.552 1.460 1.288 1.139 1.088 0.975 0.820 0.748 0.724 0.628 0.553 0.535 0.525 0.491 0.000 0.494 0.558 0.663 0.700 0.952 1.686
5.072 4.452 3.340 2.893 2.468 2.430 2.177 2.289 2.321 2.204 2.310 2.850 3.191 3.107 2.803 3.152 2.902 2.704 3.134 3.473 3.314 3.789 4.573 4.693 4.784 4.261 3.677 2.916 2.304 2.059 1.897 1.740 1.702 1.465 1.731 2.007 2.219 2.540 2.468 2.495 2.069 1.756 1.464 1.396 1.239 1.277 1.286 1.024 1.005 1.204 1.216 1.010 1.225 1.469 1.433 1.333 1.694 1.888 1.902 2.036 2.337 2.357 2.140 1.671 1.587 1.330 1.552 1.636 1.897 2.298 2.757 3.042 3.493 3.828 3.300 2.727 2.464 2.351 2.135 1.810 1.766 1.607 1.364 1.255 1.221 1.034 0.896 0.900 0.820 0.638 0.598 0.576 0.564 0.490 0.000 0.506 0.631 0.684 1.003 1.621
5.170 4.425 3.292 2.904 2.484 2.408 2.266 2.298 2.447 2.400 2.549 3.160 3.596 3.468 3.021 3.450 3.099 2.855 3.438 3.684 3.429 4.105 4.768 4.814 5.092 4.334 4.000 3.033 2.426 2.136 1.933 1.851 1.847 1.664 2.003 2.292 2.427 2.894 2.840 3.024 2.559 2.187 1.970 1.844 1.531 1.695 1.710 1.399 1.271 1.552 1.503 1.291 1.479 1.786 1.631 1.614 2.035 2.175 2.140 2.231 2.457 2.505 2.219 1.732 1.560 1.415 1.602 1.793 2.066 2.495 2.879 3.128 3.609 4.008 3.625 3.196 2.833 2.885 2.510 2.137 2.084 2.013 1.719 1.555 1.521 1.345 1.082 1.025 1.039 0.871 0.703 0.690 0.643 0.563 0.499 0.000 0.548 0.716 1.028 1.816
5.830 5.187 4.094 3.553 3.137 3.099 2.897 2.980 3.122 3.039 3.221 3.733 4.071 3.911 3.629 4.014 3.698 3.463 3.974 4.356 4.072 4.613 5.373 5.349 5.679 4.914 4.618 3.704 3.083 2.809 2.498 2.505 2.352 2.184 2.510 2.860 2.990 3.488 3.378 3.600 3.179 2.736 2.590 2.265 1.812 1.920 2.138 1.777 1.495 1.851 1.882 1.576 1.629 2.142 2.011 1.780 2.169 2.477 2.491 2.518 2.880 2.789 2.666 2.225 2.091 1.850 2.097 2.357 2.657 3.032 3.405 3.632 4.072 4.472 4.095 3.674 3.282 3.259 3.060 2.661 2.467 2.367 2.198 1.972 1.806 1.617 1.387 1.272 1.220 1.123 0.963 0.806 0.763 0.700 0.625 0.522 0.000 0.561 0.902 1.650
6.518 5.863 4.901 4.351 3.979 3.893 4.017 4.086 4.230 4.098 4.241 4.856 5.127 4.762 4.590 4.797 4.495 4.222 4.565 4.899 4.646 5.002 5.659 5.683 5.778 5.364 4.834 4.164 3.669 3.401 3.272 3.306 3.585 3.244 3.636 4.206 4.163 4.792 4.689 4.943 4.212 3.695 3.357 2.931 2.262 2.528 2.844 2.389 2.002 2.498 2.605 2.113 2.126 2.740 2.520 2.159 2.569 2.989 2.778 2.669 2.825 2.963 2.885 2.460 2.445 2.473 3.095 3.520 3.805 4.233 4.691 4.849 5.304 5.616 5.176 4.922 4.547 4.439 4.220 3.775 3.442 3.311 3.000 2.954 2.686 2.314 2.140 1.982 1.625 1.518 1.428 1.282 0.948 0.897 0.800 0.740 0.548 0.000 0.699 1.634
11.202 10.479 9.831 9.093 8.091 8.361 8.192 8.144 7.907 6.926 6.371 6.905 7.163 6.656 6.549 7.434 7.697 6.953 7.467 8.257 7.975 8.120 9.018 9.379 9.470 8.876 8.858 7.971 7.237 7.022 7.293 6.481 6.507 5.962 6.311 7.311 8.794 9.069 8.093 8.482 7.416 7.221 6.372 5.605 5.147 4.932 4.316 4.818 3.355 3.663 3.980 3.471 3.175 3.799 4.405 3.666 4.600 4.789 5.063 4.856 4.817 4.977 6.084 5.250 5.874 5.485 6.848 7.708 7.701 8.622 9.563 9.835 10.261 10.293 10.230 10.101 10.472 9.898 8.969 9.053 8.827 8.090 7.569 7.853 7.603 6.531 5.974 5.580 5.930 3.841 3.522 3.467 2.991 1.832 1.911 1.939 1.289 0.627 0.000 1.211
14.896 14.418 12.892 11.917 10.890 11.846 11.600 12.926 14.246 14.475 14.752 15.906 16.578 15.873 15.210 15.629 15.165 14.257 15.154 15.567 14.251 14.423 15.570 15.565 14.826 13.972 13.073 12.029 10.125 10.978 10.918 12.411 12.634 13.544 14.881 15.734 16.595 16.755 17.331 18.279 17.057 17.209 16.493 15.884 13.456 15.046 14.703 13.930 11.240 13.815 13.207 9.951 10.862 12.581 11.412 9.515 11.477 12.329 10.598 9.278 8.015 8.111 9.026 7.687 8.833 9.648 11.501 13.572 14.210 14.714 15.628 16.071 16.631 17.370 18.129 18.784 18.917 19.481 18.122 16.783 17.139 17.079 15.756 13.846 14.813 14.437 13.474 12.043 11.064 9.882 7.360 7.085 7.774 6.222 3.691 3.996 4.684 2.494 0.919 0.000
